Alabama: 164.91561397406372	
Alaska: 516.8991201932541	
Arizona: 176.24257667899175	
Arkansas: 149.56238778263364	
California: 327.5329024857344	
Colorado: 178.25502550045655	
Connecticut: 42.847909627776666	
Delaware: 47.94415171177036	
Florida: 331.580971268991	
Georgia: 181.5459570989625	
Hawaii: 133.9131917019638	
Idaho: 279.57330907891605	
Illinois: 433.1506018050522	
Indiana: 175.70090168430355	
Iowa: 196.05466315754552	
Kansas: 288.45417433581525	
Kentucky: 215.93597386268345	
Louisiana: 174.92580879619445	
Maine: 162.06534253040326	
Maryland: 81.27350452474542	
Massachusetts: 86.81872844892355	
Michigan: 327.9205561817779	
Minnesota: 193.8436818551716	
Mississippi: 168.29088105719543	
Missouri: 215.95841756813843	
Montana: 280.17402278757544	
Nebraska: 255.98605929266338	
Nevada: 300.21808652230317	
New Hampshire: 106.69242373263421	
New Jersey: 76.47655693801754	
New Mexico: 176.94538294305318	
New York: 281.9040297279532	
North Carolina: 180.2760060207051	
North Dakota: 226.2481901683927	
Ohio: 174.48672863817148	
Oklahoma: 231.2588220806093	
Oregon: 265.25799962856405	
Pennsylvania: 248.5077018550027	
Puerto Rico: 28.647950904196364	
Rhode Island: 20.52720571435353	
South Carolina: 129.85968292144872	
South Dakota: 337.9710037462174	
Tennessee: 239.55587482747336	
Texas: 510.1070686303823	
Utah: 176.0406311816554	
Vermont: 517.3046874206757	
Virgin Islands: 70.08307605073995	
Virginia: 1162.2816838214765	
Washington: 219.87591261801242	
West Virginia: 131.81847825405688	
Wisconsin: 202.24501911889465	
