Alabama: 164.9100177183736	
Alaska: 516.8948619426747	
Arizona: 176.22913926424138	
Arkansas: 149.5721236856946	
California: 327.5328972578996	
Colorado: 178.25892554399883	
Connecticut: 42.84392328478495	
Delaware: 47.94513486226276	
Florida: 331.5759812213379	
Georgia: 181.54646769613004	
Hawaii: 133.91947045837952	
Idaho: 279.5815562781519	
Illinois: 433.1548568154178	
Indiana: 175.69997945523897	
Iowa: 196.0681851252646	
Kansas: 288.45654613371244	
Kentucky: 215.9275950880351	
Louisiana: 174.9294116294757	
Maine: 162.07304315458768	
Maryland: 81.25928723916932	
Massachusetts: 86.82375089079747	
Michigan: 327.92154892831843	
Minnesota: 193.8444800758036	
Mississippi: 168.29566119397683	
Missouri: 215.95231425711816	
Montana: 280.1764304236304	
Nebraska: 255.99009219640413	
Nevada: 300.2204394754108	
New Hampshire: 106.70668180621794	
New Jersey: 76.4777106606667	
New Mexico: 176.96178217264355	
New York: 281.90766886426707	
North Carolina: 180.27681039695585	
North Dakota: 226.23612109898272	
Ohio: 174.49215258355977	
Oklahoma: 231.25969776398256	
Oregon: 265.2604402937541	
Pennsylvania: 248.51070699782989	
Puerto Rico: 28.642721372020645	
Rhode Island: 20.522820965042232	
South Carolina: 129.86274478207866	
South Dakota: 337.963552513302	
Tennessee: 239.55528443860166	
Texas: 510.10629595307194	
Utah: 176.036902211537	
Vermont: 517.3143659029132	
Virgin Islands: 70.0593783934844	
Virginia: 1162.2791291048466	
Washington: 219.87608715225954	
West Virginia: 131.81843351172108	
Wisconsin: 202.24804614865957	
